%YAML:1.0 # need to specify the file type at the top!

cam0:
  T_cam_imu:
    - [0.016421442652260074, 0.999586871465825, -0.023588611963892708, 0.06981135031925116]
    - [0.9998612545500863, -0.016350877627958185, 0.0031812655223060066, 0.02301427731475888]
    - [0.0027942567431089547, -0.023637580120649093, -0.9997166883348971, 0.011097576709769354]
    - [0.0, 0.0, 0.0, 1.0]
  cam_overlaps: [1]
  camera_model: pinhole
  distortion_coeffs: [0.03761545927864187, -0.09553433704173675, 0.0006481397414407229, -0.0009870063795222883]
  distortion_model: radtan
  intrinsics: [403.60545791587526, 403.7676130226091, 315.8237409926372, 199.17759220032653]
  resolution: [640, 400]
  rostopic: /oakd/stereo_ir/left/image_raw
  timeshift_cam_imu: -0.004432086502182183
cam1:
  T_cam_imu:
    - [0.011326657984656374, 0.9999162285806812, -0.006264394614488236, -0.005345987140445832]
    - [0.9999307010724797, -0.011306270211942637, 0.003280443048453729, 0.02351873328697942]
    - [0.003209341302857922, -0.006301116955107866, -0.999974997714203, 0.01186001984976795]
    - [0.0, 0.0, 0.0, 1.0]
  T_cn_cnm1:
    - [0.9998369030931541, -0.00504435013193912, -0.01734133053814342, -0.07483741262569163]
    - [0.005041324296653348, 0.9999872686385066, -0.0002181976885574531, 0.00015522878434453996]
    - [0.01734221042493466, 0.00013073883021112961, 0.9998496040129894, -0.00044957981597830394]
    - [0.0, 0.0, 0.0, 1.0]
  cam_overlaps: [0]
  camera_model: pinhole
  distortion_coeffs: [0.037278669394581805, -0.10239625698648769, 0.0005790588629435208, -0.0017071782349329333]
  distortion_model: radtan
  intrinsics: [406.164777756001, 406.401598048044, 325.48066357254953, 198.77565886712264]
  resolution: [640, 400]
  rostopic: /oakd/stereo_ir/right/image_raw
  timeshift_cam_imu: -0.0055250250056801025
