%YAML:1.0 # need to specify the file type at the top!

cam0:
  T_imu_cam:
    - [-0.04030123999740945, -0.9989998755524683, 0.01936643232049068, 0.02103955032447366]
    - [0.026311325355146964, -0.020436499663524704, -0.9994448777394171, -0.038224929976612206]
    - [0.9988410905708309, -0.0397693113802049, 0.027108627033059024, -0.1363488241088845]
    - [0.0, 0.0, 0.0, 1.0]
  cam_overlaps: [0]
  camera_model: pinhole
  distortion_coeffs: [0.0, 0.0, 0.0, 0.0]
  distortion_model: radtan
  intrinsics: [386.126953125, 320.0, 386.126953125, 240.0]
  resolution: [640,480]
  rostopic: /camera/rgb/image_raw